w1
([[ 5.73842681e-02, -1.73245855e-01,  5.81937296e-02,
        -3.37735541e-02, -7.91263413e-02],
       [ 1.55491118e-01, -1.75276540e-02,  1.68549810e-01,
         1.21615256e-01, -1.41667775e-02],
       [ 4.07830572e-02, -2.96738284e-02,  2.01228148e-01,
         1.68800899e-01, -8.34614797e-02],
       [-2.07111099e-01,  1.33141312e-02,  9.28368150e-02,
        -2.93611832e-02, -1.91523313e-01],
       [-1.10543405e-01, -7.09288774e-02,  7.77644343e-02,
         9.25698161e-02, -1.77500658e-01],
       [ 1.64137549e-01, -3.23895168e-01, -2.29942429e-01,
         6.18525892e-03,  1.68536620e-01],
       [-6.58362024e-02, -2.86177817e-01, -1.22474438e-01,
         6.31733019e-02, -5.23084478e-02],
       [ 1.00898270e-01, -1.23045337e-01, -2.46842037e-02,
        -2.79552953e-01, -1.63784824e-01],
       [-2.56078098e-01, -1.36226880e-01,  1.95719094e-01,
         9.81963734e-02,  9.21639809e-02],
       [-2.28479947e-01, -8.38369003e-02,  9.50418533e-02,
        -2.58281690e-01, -9.11262510e-03],
       [ 1.56751564e-01, -2.14748470e-01,  1.31426403e-01,
        -2.76465177e-01,  1.21917217e-02],
       [ 2.98660852e-02,  4.19209253e-02, -2.10415834e-01,
        -1.05592683e-02, -3.11313081e-02],
       [-2.93425771e-01, -2.76719262e-01,  1.37832526e-01,
         1.24536079e-01,  2.58144935e-02],
       [-1.49147812e-01, -1.20221276e-01, -2.13021485e-01,
         1.63109064e-01,  7.59882828e-02],
       [-2.44724795e-01, -6.71272424e-02,  9.95303687e-02,
         4.58939390e-02, -2.98298713e-02],
       [-2.56113508e-01, -3.06487917e-01, -1.26061928e-01,
         8.83159672e-02,  1.44541641e-01],
       [-1.62703161e-01, -1.97225545e-01,  7.21887902e-02,
         1.79707425e-01, -2.08367861e-01],
       [-2.67631777e-01, -1.87908845e-02, -2.11038011e-01,
         2.01573530e-01, -4.47174195e-02],
       [-1.31544491e-01,  1.73826715e-01,  4.15229506e-02,
        -7.57637539e-02,  1.63792549e-01],
       [-1.38606400e-01, -1.85921268e-01,  1.60366928e-01,
        -1.34265405e-01, -1.51364979e-01],
       [-1.48487699e-01, -1.50922095e-01,  2.08476763e-02,
        -4.72688779e-02,  3.22681416e-03],
       [ 1.27509968e-01,  2.85468715e-01,  1.64603801e-01,
         7.08264251e-02, -1.75666885e-01],
       [-9.30518712e-02,  3.29103845e-01, -7.62689608e-02,
        -5.90221351e-02,  1.62505467e-01],
       [ 1.93544930e-01,  1.02467211e-01, -1.69757198e-01,
         2.56110396e-01,  1.30437462e-01],
       [-1.57014394e-01,  4.62248520e-02, -1.01116635e-01,
        -1.53803033e-01,  1.48336405e-01],
       [-2.85825165e-02, -1.32251288e-01,  1.18901326e-01,
         1.12071188e-01,  7.82428466e-02],
       [ 1.07754299e-01, -7.10449367e-02, -2.55408572e-02,
         1.14175178e-01, -2.78507598e-01],
       [-3.16577944e-02,  3.91014076e-02,  4.96921886e-02,
        -1.65299278e-01,  1.75868118e-01],
       [ 5.57452644e-02,  4.74452338e-03,  1.83777537e-01,
         1.25526164e-01, -1.62972437e-01],
       [-4.48371150e-02, -1.23329489e-02,  1.46185172e-01,
        -2.99791730e-02, -1.48489595e-01],
       [-1.26879026e-01, -1.12933584e-01,  3.21989941e-01,
        -3.43199886e-02,  2.21373250e-01],
       [ 8.34376717e-02, -2.02012622e-01,  1.69700780e-01,
        -5.56347030e-02, -9.75350917e-02],
       [-1.26694789e-01, -1.74410234e-01,  1.17322495e-01,
        -9.73891716e-03, -1.34643606e-01],
       [ 1.99249374e-01,  1.38226930e-01,  1.60550328e-01,
         1.41271021e-01,  9.04196221e-02],
       [-1.68012580e-02, -5.86227714e-02,  4.01805833e-01,
        -3.62756425e-02,  1.58050191e-01],
       [ 2.18796103e-01,  4.46732294e-02,  1.77589439e-01,
         1.74246480e-01, -9.17854082e-02],
       [-1.97056072e-02,  2.23187947e-01,  1.30447236e-01,
         2.06168979e-01,  7.34801249e-02],
       [-2.77869897e-01,  4.69875094e-01,  2.18711736e-01,
        -1.07384195e-01,  2.57811206e-01],
       [-2.10325282e-01,  3.07947024e-01,  2.89888018e-02,
         2.25112489e-01,  1.10987826e-01],
       [ 3.58456241e-02,  2.46406989e-01, -1.69101981e-01,
         1.11585932e-01, -4.53896692e-02],
       [ 3.61848275e-02,  2.15877778e-01,  6.09113145e-02,
         4.24898093e-02,  2.21063235e-01],
       [-7.00127888e-02,  2.30802399e-02, -1.92494430e-01,
        -7.77758567e-02,  9.45056603e-02],
       [ 2.16391764e-01,  4.85535303e-02, -1.09497010e-01,
         1.48500726e-01, -3.69334023e-02],
       [-1.81043190e-01,  1.76100286e-01,  1.45710826e-01,
         4.58941315e-02, -7.24907961e-02],
       [ 1.40448217e-01,  9.94343144e-02, -1.98703866e-01,
         1.30115843e-01,  2.14809117e-01],
       [-2.70486460e-01, -7.41383521e-02,  1.36628076e-02,
        -1.89065583e-01, -8.01224918e-02],
       [ 9.08766081e-02,  1.46951024e-01, -1.00837333e-01,
        -1.38000432e-01, -1.87801457e-01],
       [ 4.53015247e-02, -1.27656850e-01,  1.16723765e-01,
         1.18909405e-01, -1.81444234e-01],
       [ 1.06348695e-01,  1.50611684e-01, -1.79975066e-01,
         7.02656892e-03,  1.50050265e-01],
       [-2.12174391e-01,  9.11260032e-02,  8.93098530e-02,
         1.40241784e-02,  2.07231148e-01],
       [ 1.89038193e-01,  4.55920716e-01,  8.90661966e-02,
         9.05200285e-02,  1.12162094e-01],
       [ 1.57910470e-01,  3.34439103e-01, -5.21841526e-02,
         6.96535951e-02, -9.03524445e-02],
       [ 2.52486179e-01,  4.82746415e-01,  4.39847188e-02,
        -5.53617467e-02, -5.10505020e-02],
       [ 1.25827327e-01,  4.06688839e-01, -3.88956055e-02,
        -1.63051445e-01,  1.91928984e-01],
       [ 9.20753057e-03,  7.15977095e-02, -1.46832322e-01,
         1.30922586e-01, -1.06178073e-01],
       [-1.63234866e-01, -3.12207359e-02,  1.79936671e-01,
        -1.82632462e-01,  7.74366854e-02],
       [ 8.32297307e-02,  2.84358928e-01, -3.11286299e-02,
         3.22991237e-02,  7.20544947e-02],
       [ 4.56281185e-02,  3.19840217e-01, -5.37266932e-02,
         9.36999954e-02, -1.69207159e-01],
       [ 2.50587331e-01, -4.02383764e-02,  3.25590643e-02,
        -1.26076174e-01,  8.44473319e-02],
       [ 8.41034730e-02, -1.16672996e-01,  4.54661414e-02,
         7.72985182e-02,  5.09704905e-02],
       [-1.49706863e-01,  2.32453730e-01,  1.51016674e-02,
         1.30118730e-01,  1.92187619e-01],
       [-1.83848082e-01, -9.28226943e-02, -4.30026120e-02,
         1.73603943e-01, -2.79710186e-02],
       [ 8.69941384e-02, -3.85566596e-02, -6.30033419e-02,
        -1.67928436e-01,  1.74299762e-01],
       [ 1.97817897e-01,  1.61823940e-01, -6.53001218e-02,
         9.56851854e-02,  8.13838047e-02],
       [-1.49884493e-04, -1.09881825e-01,  6.42402252e-02,
        -1.56203184e-01, -1.40578140e-01],
       [ 2.16757391e-01,  1.57242053e-01, -6.02805845e-02,
        -1.34935641e-01,  1.46154980e-01],
       [ 1.03874049e-01, -2.05459792e-01, -8.99630519e-02,
         1.23168397e-01, -1.78176610e-02],
       [ 1.27857565e-01,  1.17243770e-01, -2.19642524e-01,
         1.23880686e-01, -1.13359876e-01],
       [ 4.38174612e-02, -1.85122084e-01, -6.82913305e-02,
         1.15310168e-01, -1.62661155e-01],
       [-2.08652142e-01, -2.60264247e-02, -1.24485608e-01,
        -3.79705875e-02, -5.26896669e-02],
       [ 3.36904200e-02,  4.26136333e-02, -2.21234233e-01,
        -1.22892565e-01, -1.35205625e-01],
       [-1.31550929e-01,  8.10461868e-02,  9.09819590e-02,
        -2.52522034e-01, -7.10560931e-03],
       [ 4.27474549e-02,  1.17110323e-01,  2.77760928e-02,
        -2.15820951e-01, -1.53357750e-01],
       [ 1.00693584e-01,  1.15373876e-01,  2.10165295e-02,
        -1.15198453e-01, -1.60073464e-01],
       [ 1.47776535e-01, -2.13212014e-01, -1.18363076e-01,
        -8.13669097e-02, -1.27159973e-01],
       [-1.40173097e-01, -1.00080133e-01,  3.93158439e-02,
         5.20413720e-03, -2.28049871e-01],
       [-2.06750428e-02, -1.89964388e-01, -1.69017687e-01,
         1.67905902e-01, -2.08272841e-01],
       [-1.14019858e-01,  7.16483325e-02,  1.09340253e-01,
         4.35563203e-02,  1.73301545e-01],
       [ 1.68056959e-01, -1.64704416e-01, -2.16034415e-01,
        -7.03020151e-02, -1.51009559e-01],
       [ 1.89802091e-02, -1.18242372e-01, -1.77226774e-01,
        -3.21235821e-02,  1.72432486e-01],
       [-8.41936071e-02, -1.45223942e-01,  8.74363564e-03,
        -1.81196529e-01,  4.34201048e-02],
       [ 2.04545651e-01,  5.57683897e-02,  1.99319941e-01,
        -3.54899742e-03, -2.03742123e-02],
       [ 3.10207397e-02, -2.21512563e-02, -6.99680668e-02,
         1.00204722e-01, -2.19253830e-01],
       [-1.30825453e-01, -5.21890619e-03,  1.23033598e-01,
         2.59146891e-02, -2.13937784e-01],
       [ 1.66860521e-01,  1.94103797e-01, -1.49855656e-02,
         7.63080493e-02,  2.10678566e-01],
       [ 5.54513831e-02, -6.67262425e-02,  2.21902423e-01,
         5.74448290e-02,  1.18029821e-01],
       [-4.73867080e-03,  1.46968050e-01, -1.25300290e-01,
        -5.75256443e-02, -1.98884509e-01],
       [-1.15148463e-01,  2.45722287e-01, -4.45800667e-02,
        -5.78711924e-02,  2.05223658e-01],
       [ 1.92522887e-01, -1.09329258e-01,  1.97435264e-01,
        -1.63926038e-01,  1.13422469e-01],
       [ 2.28357854e-01,  3.96608767e-02,  7.09486390e-02,
        -7.96736171e-02,  1.43440753e-02],
       [-1.90077272e-01, -4.66697562e-02, -3.25672141e-02,
         6.63792442e-02, -1.48310311e-01],
       [-3.02731043e-03,  1.09953238e-02, -2.24358251e-01,
        -8.03631846e-02, -4.27118365e-02],
       [ 1.10949105e-01,  9.38125542e-02,  6.48004469e-03,
        -4.04453931e-02,  2.14756602e-01],
       [-2.14003295e-01,  1.85963855e-01, -1.20906270e-01,
        -8.84422164e-02,  1.55567845e-01],
       [ 6.68511367e-02, -6.79356081e-02, -1.78887065e-01,
         2.02395271e-02, -1.35455754e-01],
       [-1.18412874e-01,  1.10397748e-01,  1.39223270e-01,
        -1.65835195e-01, -4.05859883e-02],
       [ 1.87089313e-01,  3.20224280e-03,  2.13375133e-01,
        -5.36727834e-02, -2.28899543e-02],
       [-1.93672075e-02, -4.77015126e-02, -1.96960460e-02,
         2.00154786e-01, -1.09975599e-01],
       [-3.68779258e-02,  7.86683639e-02, -5.95604107e-02,
        -1.00749076e-01, -1.17195971e-02],
       [-1.65917988e-01,  5.98331826e-02, -1.26638730e-01,
         1.39509647e-01, -2.13181940e-01],
       [ 9.26626339e-02, -1.98310017e-01, -1.23387913e-01,
         9.41966556e-02, -1.26370437e-01],
       [-7.04470679e-02,  2.08124191e-01,  1.33908939e-01,
        -5.10361351e-02, -2.09431968e-01],
       [ 2.50565782e-01,  9.56361793e-02, -1.98478119e-01,
         2.04952580e-01, -8.92535587e-02],
       [ 4.03970259e-02, -8.88328087e-02,  3.00371273e-02,
         9.29753685e-02,  1.42321989e-01],
       [-3.85675441e-02,  1.11511075e-01,  5.30910295e-02,
        -2.06294132e-01, -1.01624763e-02],
       [-8.17363898e-02, -6.14443903e-02, -1.52711956e-01,
         2.30373981e-01, -1.82452468e-01],
       [ 1.67310698e-01, -1.57713533e-01, -2.11270098e-01,
        -1.04879109e-01,  1.07164333e-02],
       [-1.33845419e-01, -1.60304098e-01,  1.67051752e-01,
        -1.96343678e-01, -1.04176438e-01],
       [-2.12713335e-01,  2.25880013e-02, -5.77593768e-02,
        -2.76276248e-02, -9.56960610e-02],
       [ 3.09752817e-02, -1.37705617e-01,  1.93925928e-01,
        -6.78070619e-02,  3.55229826e-02]])

b1
([-0.3023264 , -0.25231956, -0.20184144,  1.26684312,  0.34033459])

w2
([[ 0.31978037,  0.95789639,  0.49438713],
       [ 1.23793832,  0.83055568, -0.67114855],
       [ 0.66870476,  0.52146013,  0.36876094],
       [-0.19440752, -1.27870867,  0.13486137],
       [ 0.27166458, -0.35949709, -0.04236678]])

b2
([-0.66695845,  1.59801245, -0.62155108])

w3
([[-1.22098613,  0.3270841 ,  1.19276876],
       [ 1.86053465, -1.11908611,  1.38348524],
       [-0.38805617,  0.36891297,  0.01854878]])

b3
([ 0.19842667,  2.10038505, -1.73905912])
